350
1358 23430
16923 23346
23398 10574
10377 12626
17519 21120
7083 21326
9276 14144
22696 9086
2983 20388
5740 9574
6928 3693
11110 318
2002 18614
13501 8245
15212 8673
19062 13639
4100 9158
13038 4055
19245 9901
18304 4127
14245 20907
14173 19980
8595 12891
5790 1358
20109 1697
11147 22729
13039 12037
18610 15021
15667 303
21701 6940
18843 19767
21931 14502
22932 20756
7228 18479
5120 5657
15701 13240
1461 13139
12646 13250
886 5964
8978 77
1664 16161
8516 20031
21364 6952
14451 10939
13235 3679
6149 11305
2679 5330
21503 18690
7412 21207
10663 20133
6391 11321
1673 22625
14189 1628
9579 23344
13558 4541
15117 23267
6971 17317
23522 548
9464 4803
18783 15950
20729 21320
13137 2117
4152 20398
16419 5244
19843 8673
19432 2148
12297 12997
3039 16128
22062 23962
10319 773
14638 2862
13795 11660
21515 7403
5616 6703
22692 11667
14570 14051
18641 3296
8587 22158
16639 23262
14500 23635
7732 188
22203 14695
20582 7527
9636 21232
22585 13982
19256 9063
20898 802
7969 12771
18609 19182
4770 3880
19641 19631
4494 23319
22718 5282
5281 11993
20646 21621
10457 14700
19148 16569
12465 4762
13197 853
2069 17091
14738 6373
18928 12585
3031 11333
12231 14723
5860 14038
7792 3587
23313 10858
14684 18153
4638 19706
23593 13600
23619 13259
22283 1666
595 700
21063 7895
19028 22475
22002 22067
2965 8779
11968 7831
10690 11960
13220 20038
13081 6187
12459 4062
18520 11539
23128 19148
4504 8687
11897 10507
22882 12838
5926 14033
21088 5853
2442 6119
13859 6026
18769 13091
5761 10013
2843 10750
4986 1885
16076 7451
13195 6649
867 8717
2914 2843
4719 44
7378 7121
9653 9476
960 1191
21188 17996
10728 16224
20893 22734
4333 4248
13497 10343
19570 3318
22594 21557
20595 17839
7308 12038
4547 11168
15125 1892
14345 6910
1768 13403
2029 15090
9499 10800
21650 11161
6660 20351
6299 19951
11510 17787
13975 3927
2488 19985
9867 11978
18497 4195
19245 13104
1597 15365
9832 21614
21375 17479
7136 11184
8653 649
23446 3265
4622 5149
20402 9671
4244 10900
19084 3769
5334 17123
21570 4167
10500 1388
14925 12225
17592 10486
1875 23727
11734 11250
2407 17253
7598 9617
14771 5394
17870 10620
6583 18822
15826 15192
13080 4190
4545 23280
8209 12910
2581 9040
985 11323
23698 22596
10406 21930
3851 17471
22712 10042
7986 16625
8611 12920
19500 21882
11932 20749
21391 14842
22191 9786
6352 13005
8523 3037
1189 79
11621 11225
10795 23033
8984 18858
9672 12156
14657 2461
13126 14004
14064 8041
11430 12224
18249 8074
18086 19923
8612 13538
8304 18315
16615 3650
20415 21209
9452 19994
18108 13087
13135 19078
4023 8020
17625 18104
12070 12801
8756 13524
2037 11279
20671 8686
5176 9971
8555 13207
1846 23042
17327 750
3622 645
13061 1498
18901 20158
10158 16420
7755 1222
17203 1353
225 8553
10122 15400
2534 3699
17787 22571
22493 22953
4346 17070
22426 4321
8214 19136
168 16272
8685 21596
11020 1671
5545 5090
5098 21884
16920 15553
1005 1579
4589 14742
2836 17354
11229 18601
17028 7249
8806 18901
19472 16580
7424 4433
10767 12630
2393 7021
100 1
18619 14478
3773 15179
2875 20467
18546 7464
17978 8048
2237 3808
22322 21800
23633 1657
17923 5972
5200 1807
16646 13231
11949 17212
23094 23116
20197 1329
3627 9902
17480 785
22092 14860
2081 7211
23574 7360
2902 19514
21323 23230
18676 7089
19163 6873
7153 14779
4299 23875
7534 18784
10201 5671
15760 5836
4283 20022
5839 2729
10269 1109
19887 3253
19802 589
20574 23782
1661 15910
1468 10835
2465 18191
13022 4890
6906 12779
10192 1159
6087 5187
7171 9948
5756 1879
18174 12967
1768 13403
16964 2109
21127 20027
10115 11238
18138 16647
9057 17388
6070 22933
14455 22501
5173 9109
23403 438
23192 15761
187 11908
9063 22544
9208 18122
3883 7533
16378 19524
22446 1571
19282 17197
23311 17438
1116 713
21694 19395
2295 21775
19735 22642
8761 19279
14712 19209
13352 13155
10078 17380
6608 7812
8442 6287
2792 5035
14907 6912
4496 21104
8998 9806
3455 21625
14736 18722
4543 14273
3009 9627
661 15706
4689 10461
19770 19337
